04092025               M6475               352.00          06031354030430
04092025               M8941              3547.41          06497037570503
04092025               M8799               773.61          06490065840503
04102025              M42465               565.00          06551441280508
04102025              M52752               781.44          05801575720509
04102025              M57994            155263.38          06490649910505
04102025              M58619               352.00          06032826780430
04102025              M57432              1596.68          06490649830505
04102025              M63937               634.75          06133378820430
04102025              M76577               136.61          06135261700430
04102025              M77628              2011.93          06130539810430
04102025              M86472              2207.67          06490728540505
04102025              M85459               498.96          06490645760505
04102025              M88574               702.00          06033341470430
04102025              M89565               122.30          06498004260509
04102025              M95245              1254.94          05800021960430
04102025              M95383              1328.17          05800001850430
04102025              M95528               446.57          05802059680505
04102025             M107656               419.30          00039887910412
04102025             M106790              1153.36          00104473930412
04102025             M107275              1280.28          00040033730412
04102025             M137418               359.57          05800804800504
04102025             M139606               820.74          06813083880506
04102025             M139645              3690.04          06173844860430
04102025             M137644               477.00          05800337170430
04102025             M137684               477.00          05800337250430
04102025             M138621              7887.57          06176464720430
04102025             M140099               348.12          06813083960506
04102025             M159509              2065.00          06551451670510
04102025             M160334               494.80          06490855220506
04102025             M160881               494.80          06490886290505
04102025             M162598              7789.92          06490670790505
04102025             M164094               475.57          05801425910430
04102025             M159090               494.03          06470110920502
04102025             M162155             30491.07          06492270330511
04102025             M163710               272.57          05800330240430
04102025             M165970               498.96          06495316970504
04102025             M172352               688.00          06033379790430
04102025             M179163              3673.27          06491139920507
04102025             M184629               498.96          06490587970504
04102025             M202111               608.82          06490543840504
04102025             M205978               651.87          06490140050503
04102025             M208605              2704.39          06490141880503
04102025             M211524              7641.06          06494633220504
04102025             M213012              5482.59          06495317000504
04102025             M216238              1431.30          06490341970504
04102025             M210172               993.33          06490705330506
04102025             M226347              1041.23          05800458200505
04102025             M243773               620.00          06112708100430
04102025             M272883               483.16          06470333710504
